4294967279,62
4294967279,61
4294967278,230
4294967294,104
4294967294,106
4294967294,175
4294967294,180
4294967294,183
4294967279,59
4294967279,57
4294967278,229
4294967278,226
4294967278,224
19,4
4294967278,222
19,3
19,2
19,1
4294967278,221
4294967294,1086
4294967278,220
4294967279,54
4294967279,53
4294967279,52
4294967279,51
4294967279,49
4294967279,48
4294967279,47
4294967279,46
4294967279,45
4294967279,43
4294967279,42
4294967279,38
4294967279,37
4294967279,36
4294967279,34
4294967279,33
4294967279,32
4294967279,31
4294967294,387
4294967294,388
4294967278,214
4294967278,217
4294967278,307
18,7
4294967294,155
4294967278,213
4294967278,273
4294967278,212
18,6
4294967278,209
4294967294,1160
4294967278,354
4294967278,383
18,5
4294967294,1419
4294967294,161
4294967294,1067
4294967294,1159
4294967294,185
4294967294,176
4294967294,1157
4294967294,190
4294967278,208
4294967278,207
18,4
18,3
18,2
18,1
4294967278,206
0,7
4294967279,29
4294967279,28
4294967278,380
4294967279,0
4294967279,410
4294967279,25
4294967279,24
4294967279,22
4294967279,20
4294967279,19
4294967279,18
4294967279,16
4294967279,13
4294967279,12
4294967279,10
4294967279,9
5,5
5,2
4294967278,379
5,6
5,4
4294967294,472
4294967294,11
4294967278,352
4294967278,375
4294967294,392
4294967294,390
4294967294,114
4294967294,115
4294967294,120
4294967278,377
4294967278,200
4294967278,378
4294967278,351
4294967294,89
4294967278,350
4294967278,349
4294967294,419
4294967294,1068
4294967294,29
4294967294,38
4294967294,426
4294967278,348
4294967294,36
4294967294,39
4294967294,41
4294967294,53
4294967294,43
4294967294,45
4294967294,430
4294967294,1421
4294967278,345
4294967278,194
4294967278,347
4294967294,51
4294967279,414
4294967278,344
4294967294,5
4294967294,76
4294967294,418
4294967294,1
4294967294,2
4294967294,83
4294967294,46
4294967294,1072
4294967294,186
4294967294,82
4294967294,91
4294967294,88
4294967294,87
4294967294,85
4294967294,84
4294967294,0
4294967294,439
4294967294,107
4294967294,81
4294967294,50
4294967294,92
4294967294,90
4294967294,86
4294967294,1420
4294967294,158
4294967294,157
4294967294,128
4294967294,28
4294967294,27
4294967294,1423
4294967294,44
4294967294,40
4294967294,37
4294967294,474
4294967294,1163
4294967294,1166
4294967294,96
4294967294,94
4294967294,9
4294967294,8
4294967294,7
4294967278,343
4294967294,22
4294967294,93
4294967294,95
2,4
4294967278,132
4294967278,131
4294967278,130
4294967278,129
4294967278,128
4294967278,127
4294967278,126
4294967278,125
4294967278,124
4294967278,123
4294967278,122
4294967278,121
4294967278,120
4294967278,119
4294967278,118
4294967278,117
4294967278,116
4294967278,115
4294967278,114
4294967278,113
4294967278,112
4294967278,111
4294967278,110
4294967278,109
4294967278,108
4294967278,107
4294967278,106
4294967278,105
4294967278,104
4294967278,103
4294967278,102
4294967278,101
4294967278,100
4294967278,99
4294967278,98
4294967278,97
4294967278,96
4294967278,95
4294967278,94
4294967278,93
4294967278,92
4294967278,91
4294967278,90
4294967278,89
4294967278,87
4294967278,86
4294967278,85
4294967278,84
4294967278,83
4294967278,82
4294967278,81
4294967278,80
4294967278,79
4294967278,77
4294967278,340
4294967278,76
4294967278,339
4294967278,75
4294967278,338
4294967278,74
4294967278,73
4294967278,336
4294967278,72
4294967278,71
4294967278,374
4294967278,70
4294967278,69
4294967278,68
4294967278,67
4294967278,326
4294967278,66
4294967278,65
4294967278,64
4294967278,63
4294967278,62
4294967278,364
4294967278,61
4294967278,0
4294967278,260
4294967279,82
4294967279,80
4294967279,77
4294967279,74
4294967279,436
4294967279,73
4294967279,69
4294967279,65
4294967279,63
4294967279,457
4294967279,60
4294967279,58
4294967279,56
4294967279,55
4294967279,50
4294967279,389
4294967279,44
4294967279,41
4294967279,40
4294967279,39
4294967279,35
4294967279,30
4294967279,27
4294967279,26
4294967279,23
4294967279,21
4294967279,17
4294967279,15
4294967279,14
4294967279,11
4294967279,8
4294967279,7
4294967279,6
4294967279,5
4294967279,4
4294967278,78
4294967278,342
4294967294,6
2,2
4294967294,17
4294967294,42
4294967294,99
4294967294,52
4294967294,25
4294967294,154
4294967294,26
4294967294,61
4294967294,68
4294967294,12
4294967294,67
0,5
4294967294,1422
17,5
17,4
17,3
17,2
17,1
4294967294,475
15,5
15,4
